state	|	left	|	right	|	up	|	down
------------------ coin_idx = 7 ----------------
 0	|	0.000	|	2.976	|	0.000	|	2.976
 1	|	1.974	|	3.978	|	0.000	|	3.978
 2	|	2.976	|	4.980	|	0.000	|	4.980
 3	|	3.978	|	5.983	|	0.000	|	5.983
 4	|	4.980	|	6.987	|	0.000	|	6.987
 5	|	5.983	|	7.991	|	0.000	|	7.991
 6	|	6.987	|	8.995	|	0.000	|	8.995
 7	|	7.991	|	7.991	|	0.000	|	10.000
 8	|	8.995	|	6.987	|	0.000	|	8.995
 9	|	7.991	|	0.000	|	0.000	|	7.991
 10	|	0.000	|	3.978	|	1.974	|	1.991
 11	|	2.976	|	4.980	|	2.976	|	2.993
 12	|	3.978	|	5.983	|	3.978	|	3.978
 13	|	4.980	|	6.987	|	4.980	|	4.980
 14	|	5.983	|	7.991	|	5.983	|	5.983
 15	|	6.987	|	8.995	|	6.987	|	6.987
 16	|	7.991	|	10.000	|	7.991	|	7.991
 17	|	0.000	|	0.000	|	0.000	|	0.000
 18	|	10.000	|	7.991	|	7.991	|	7.991
 19	|	8.995	|	0.000	|	6.987	|	6.987
 20	|	0.000	|	2.993	|	2.976	|	2.993
 21	|	1.991	|	3.978	|	3.978	|	3.995
 22	|	2.993	|	4.980	|	4.980	|	2.993
 23	|	3.978	|	5.983	|	5.983	|	3.978
 24	|	4.980	|	6.987	|	6.987	|	4.980
 25	|	5.983	|	7.991	|	7.991	|	5.983
 26	|	6.987	|	8.995	|	8.995	|	6.987
 27	|	7.991	|	7.991	|	10.000	|	7.991
 28	|	8.995	|	6.987	|	8.995	|	6.987
 29	|	7.991	|	0.000	|	7.991	|	5.983
 30	|	0.000	|	3.995	|	1.991	|	3.995
 31	|	2.993	|	2.993	|	2.993	|	4.997
 32	|	3.995	|	3.978	|	3.978	|	3.995
 33	|	2.993	|	4.980	|	4.980	|	2.993
 34	|	3.978	|	5.983	|	5.983	|	3.978
 35	|	4.980	|	6.987	|	6.987	|	4.980
 36	|	5.983	|	7.991	|	7.991	|	5.983
 37	|	6.987	|	6.987	|	8.995	|	6.987
 38	|	7.991	|	5.983	|	7.991	|	5.983
 39	|	6.987	|	0.000	|	6.987	|	4.980
 40	|	0.000	|	4.997	|	2.993	|	4.997
 41	|	3.995	|	3.995	|	3.995	|	6.000
 42	|	4.997	|	2.993	|	2.993	|	4.997
 43	|	3.995	|	3.978	|	3.978	|	3.995
 44	|	2.993	|	4.980	|	4.980	|	2.993
 45	|	3.978	|	5.983	|	5.983	|	-1.000
 46	|	4.980	|	6.987	|	6.987	|	4.980
 47	|	5.983	|	5.983	|	7.991	|	5.983
 48	|	6.987	|	4.980	|	6.987	|	5.988
 49	|	5.983	|	0.000	|	5.983	|	4.985
 50	|	0.000	|	6.000	|	3.995	|	3.995
 51	|	0.000	|	0.000	|	0.000	|	0.000
 52	|	6.000	|	3.995	|	3.995	|	3.995
 53	|	4.997	|	2.993	|	2.993	|	2.993
 54	|	3.995	|	-1.000	|	3.978	|	2.981
 55	|	0.000	|	0.000	|	0.000	|	0.000
 56	|	-1.000	|	5.983	|	5.983	|	4.985
 57	|	4.980	|	5.988	|	6.987	|	5.988
 58	|	5.983	|	4.985	|	5.983	|	6.992
 59	|	5.988	|	0.000	|	4.980	|	5.988
 60	|	0.000	|	4.997	|	4.997	|	2.993
 61	|	3.995	|	3.995	|	6.000	|	3.995
 62	|	4.997	|	2.993	|	4.997	|	2.993
 63	|	3.995	|	2.981	|	3.995	|	2.981
 64	|	2.993	|	3.983	|	2.993	|	3.983
 65	|	2.981	|	4.985	|	-1.000	|	4.985
 66	|	3.983	|	5.988	|	4.980	|	5.988
 67	|	4.985	|	6.992	|	5.983	|	6.992
 68	|	5.988	|	5.988	|	5.988	|	7.995
 69	|	6.992	|	0.000	|	4.985	|	6.992
 70	|	0.000	|	3.995	|	3.995	|	1.991
 71	|	2.993	|	2.993	|	4.997	|	1.979
 72	|	3.995	|	2.981	|	3.995	|	2.981
 73	|	2.993	|	3.983	|	2.993	|	3.983
 74	|	1.991	|	4.985	|	2.981	|	4.985
 75	|	3.983	|	5.988	|	3.983	|	5.988
 76	|	4.985	|	6.992	|	4.985	|	6.992
 77	|	5.988	|	7.995	|	5.988	|	7.995
 78	|	6.992	|	6.992	|	6.992	|	9.000
 79	|	7.995	|	0.000	|	5.988	|	7.995
 80	|	0.000	|	0.990	|	2.993	|	0.990
 81	|	-1.000	|	2.981	|	0.000	|	0.978
 82	|	1.979	|	3.983	|	2.993	|	1.979
 83	|	2.981	|	4.985	|	2.981	|	2.981
 84	|	3.983	|	5.988	|	3.983	|	3.983
 85	|	4.985	|	6.992	|	4.985	|	4.985
 86	|	5.988	|	7.995	|	5.988	|	5.988
 87	|	6.992	|	9.000	|	6.992	|	6.992
 88	|	0.000	|	0.000	|	0.000	|	0.000
 89	|	9.000	|	0.000	|	6.992	|	0.000
 90	|	0.000	|	-0.010	|	1.991	|	0.000
 91	|	0.990	|	-1.000	|	1.979	|	0.000
 92	|	-0.010	|	-1.000	|	2.981	|	0.000
 93	|	-1.000	|	3.983	|	3.983	|	0.000
 94	|	2.981	|	4.985	|	4.985	|	0.000
 95	|	3.983	|	5.988	|	5.988	|	0.000
 96	|	4.985	|	6.992	|	6.992	|	0.000
 97	|	5.988	|	7.995	|	7.995	|	0.000
 98	|	6.992	|	-1.000	|	9.000	|	0.000
 99	|	7.995	|	0.000	|	0.000	|	0.000
------------------ coin_idx = 6 ----------------
 0	|	0.000	|	0.990	|	0.000	|	0.990
 1	|	-0.010	|	-0.010	|	0.000	|	1.991
 2	|	0.990	|	-1.000	|	0.000	|	0.990
 3	|	-0.010	|	-1.000	|	0.000	|	-0.010
 4	|	-1.000	|	-1.000	|	0.000	|	-1.010
 5	|	-1.000	|	-1.000	|	0.000	|	-1.022
 6	|	-1.000	|	-0.022	|	0.000	|	-0.022
 7	|	-1.000	|	0.978	|	0.000	|	0.978
 8	|	-0.022	|	-0.022	|	0.000	|	1.979
 9	|	0.978	|	0.000	|	0.000	|	0.978
 10	|	0.000	|	1.991	|	-0.010	|	1.991
 11	|	0.990	|	0.990	|	0.990	|	2.993
 12	|	1.991	|	-0.010	|	-0.010	|	1.991
 13	|	0.990	|	-1.010	|	-1.000	|	0.990
 14	|	-0.010	|	-1.022	|	-1.000	|	-0.010
 15	|	-1.010	|	-0.022	|	-1.000	|	-0.022
 16	|	-1.022	|	0.978	|	-1.000	|	0.978
 17	|	-0.022	|	1.979	|	-0.022	|	1.979
 18	|	0.978	|	0.978	|	0.978	|	2.981
 19	|	1.979	|	0.000	|	-0.022	|	1.979
 20	|	0.000	|	2.993	|	0.990	|	2.993
 21	|	1.991	|	1.991	|	1.991	|	3.995
 22	|	2.993	|	0.990	|	0.990	|	2.993
 23	|	1.991	|	-0.010	|	-0.010	|	1.991
 24	|	0.990	|	-0.022	|	-1.010	|	0.990
 25	|	-0.010	|	0.978	|	-1.022	|	0.978
 26	|	-0.022	|	1.979	|	-0.022	|	1.979
 27	|	0.978	|	2.981	|	0.978	|	2.981
 28	|	1.979	|	1.979	|	1.979	|	3.983
 29	|	2.981	|	0.000	|	0.978	|	2.981
 30	|	0.000	|	3.995	|	1.991	|	3.995
 31	|	2.993	|	2.993	|	2.993	|	4.997
 32	|	3.995	|	1.991	|	1.991	|	3.995
 33	|	2.993	|	0.990	|	0.990	|	2.993
 34	|	1.991	|	0.978	|	-0.010	|	1.991
 35	|	0.990	|	1.979	|	-0.022	|	1.979
 36	|	0.978	|	2.981	|	0.978	|	2.981
 37	|	1.979	|	3.983	|	1.979	|	3.983
 38	|	2.981	|	2.981	|	2.981	|	4.985
 39	|	3.983	|	0.000	|	1.979	|	3.983
 40	|	0.000	|	4.997	|	2.993	|	4.997
 41	|	3.995	|	3.995	|	3.995	|	6.000
 42	|	4.997	|	2.993	|	2.993	|	4.997
 43	|	3.995	|	1.991	|	1.991	|	3.995
 44	|	2.993	|	1.979	|	0.990	|	2.993
 45	|	1.991	|	2.981	|	0.978	|	-1.000
 46	|	1.979	|	3.983	|	1.979	|	3.983
 47	|	2.981	|	4.985	|	2.981	|	4.985
 48	|	3.983	|	3.983	|	3.983	|	5.988
 49	|	4.985	|	0.000	|	2.981	|	4.985
 50	|	0.000	|	6.000	|	3.995	|	3.995
 51	|	0.000	|	0.000	|	0.000	|	0.000
 52	|	6.000	|	3.995	|	3.995	|	3.995
 53	|	4.997	|	2.993	|	2.993	|	2.993
 54	|	3.995	|	-1.000	|	1.991	|	2.981
 55	|	0.000	|	0.000	|	0.000	|	0.000
 56	|	-1.000	|	4.985	|	2.981	|	4.985
 57	|	3.983	|	5.988	|	3.983	|	5.988
 58	|	4.985	|	4.985	|	4.985	|	6.992
 59	|	5.988	|	0.000	|	3.983	|	5.988
 60	|	0.000	|	4.997	|	4.997	|	2.993
 61	|	3.995	|	3.995	|	6.000	|	3.995
 62	|	4.997	|	2.993	|	4.997	|	2.993
 63	|	3.995	|	2.981	|	3.995	|	2.981
 64	|	2.993	|	3.983	|	2.993	|	3.983
 65	|	2.981	|	4.985	|	-1.000	|	4.985
 66	|	3.983	|	5.988	|	3.983	|	5.988
 67	|	4.985	|	6.992	|	4.985	|	6.992
 68	|	5.988	|	5.988	|	5.988	|	7.995
 69	|	6.992	|	0.000	|	4.985	|	6.992
 70	|	0.000	|	3.995	|	3.995	|	1.991
 71	|	2.993	|	2.993	|	4.997	|	2.993
 72	|	3.995	|	2.981	|	3.995	|	1.991
 73	|	2.993	|	3.983	|	2.993	|	3.983
 74	|	2.981	|	4.985	|	2.981	|	4.985
 75	|	3.983	|	5.988	|	3.983	|	5.988
 76	|	4.985	|	6.992	|	4.985	|	6.992
 77	|	5.988	|	7.995	|	5.988	|	7.995
 78	|	6.992	|	6.992	|	6.992	|	9.000
 79	|	7.995	|	0.000	|	5.988	|	7.995
 80	|	0.000	|	2.993	|	2.993	|	0.990
 81	|	1.991	|	-1.000	|	3.995	|	-1.000
 82	|	-1.000	|	-1.000	|	2.993	|	-1.000
 83	|	1.991	|	4.985	|	2.981	|	-0.010
 84	|	3.983	|	5.988	|	3.983	|	3.983
 85	|	4.985	|	6.992	|	4.985	|	4.985
 86	|	5.988	|	7.995	|	5.988	|	5.988
 87	|	6.992	|	9.000	|	6.992	|	6.992
 88	|	0.000	|	0.000	|	0.000	|	0.000
 89	|	9.000	|	0.000	|	6.992	|	6.992
 90	|	0.000	|	-1.000	|	1.991	|	0.000
 91	|	-1.000	|	-1.000	|	-2.000	|	0.000
 92	|	-1.000	|	-1.000	|	-2.000	|	0.000
 93	|	-1.000	|	3.983	|	0.990	|	0.000
 94	|	2.981	|	4.985	|	4.985	|	0.000
 95	|	3.983	|	5.988	|	5.988	|	0.000
 96	|	4.985	|	6.992	|	6.992	|	0.000
 97	|	5.988	|	7.995	|	7.995	|	0.000
 98	|	6.992	|	6.992	|	9.000	|	0.000
 99	|	7.995	|	0.000	|	7.995	|	0.000
------------------ coin_idx = 5 ----------------
 0	|	0.000	|	2.976	|	0.000	|	2.976
 1	|	1.974	|	3.978	|	0.000	|	3.978
 2	|	2.976	|	4.980	|	0.000	|	4.980
 3	|	3.978	|	5.983	|	0.000	|	5.983
 4	|	4.980	|	6.987	|	0.000	|	6.987
 5	|	5.983	|	7.991	|	0.000	|	7.991
 6	|	6.987	|	8.995	|	0.000	|	8.995
 7	|	7.991	|	7.991	|	0.000	|	10.000
 8	|	8.995	|	6.987	|	0.000	|	8.995
 9	|	7.991	|	0.000	|	0.000	|	7.991
 10	|	0.000	|	3.978	|	1.974	|	1.974
 11	|	2.976	|	4.980	|	2.976	|	2.976
 12	|	3.978	|	5.983	|	3.978	|	3.978
 13	|	4.980	|	6.987	|	4.980	|	4.980
 14	|	5.983	|	7.991	|	5.983	|	5.983
 15	|	6.987	|	8.995	|	6.987	|	6.987
 16	|	7.991	|	10.000	|	7.991	|	7.991
 17	|	0.000	|	0.000	|	0.000	|	0.000
 18	|	10.000	|	7.991	|	7.991	|	7.991
 19	|	8.995	|	0.000	|	6.987	|	6.987
 20	|	0.000	|	2.976	|	2.976	|	0.973
 21	|	1.974	|	3.978	|	3.978	|	1.974
 22	|	2.976	|	4.980	|	4.980	|	2.976
 23	|	3.978	|	5.983	|	5.983	|	3.978
 24	|	4.980	|	6.987	|	6.987	|	4.980
 25	|	5.983	|	7.991	|	7.991	|	5.983
 26	|	6.987	|	8.995	|	8.995	|	6.987
 27	|	7.991	|	7.991	|	10.000	|	7.991
 28	|	8.995	|	6.987	|	8.995	|	6.987
 29	|	7.991	|	0.000	|	7.991	|	5.983
 30	|	0.000	|	1.974	|	1.974	|	-0.027
 31	|	0.973	|	2.976	|	2.976	|	0.973
 32	|	1.974	|	3.978	|	3.978	|	1.974
 33	|	2.976	|	4.980	|	4.980	|	2.976
 34	|	3.978	|	5.983	|	5.983	|	3.978
 35	|	4.980	|	6.987	|	6.987	|	4.980
 36	|	5.983	|	7.991	|	7.991	|	5.983
 37	|	6.987	|	6.987	|	8.995	|	6.987
 38	|	7.991	|	5.983	|	7.991	|	5.983
 39	|	6.987	|	0.000	|	6.987	|	4.980
 40	|	0.000	|	0.973	|	0.973	|	-1.000
 41	|	-0.027	|	1.974	|	1.974	|	-0.027
 42	|	0.973	|	2.976	|	2.976	|	0.973
 43	|	1.974	|	3.978	|	3.978	|	1.974
 44	|	2.976	|	4.980	|	4.980	|	2.976
 45	|	3.978	|	5.983	|	5.983	|	-1.000
 46	|	4.980	|	6.987	|	6.987	|	4.980
 47	|	5.983	|	5.983	|	7.991	|	5.983
 48	|	6.987	|	4.980	|	6.987	|	5.988
 49	|	5.983	|	0.000	|	5.983	|	4.985
 50	|	0.000	|	-0.027	|	-0.027	|	-1.000
 51	|	-1.000	|	0.973	|	0.973	|	-0.022
 52	|	-0.027	|	1.974	|	1.974	|	0.978
 53	|	0.973	|	2.976	|	2.976	|	1.979
 54	|	1.974	|	-1.000	|	3.978	|	2.981
 55	|	0.000	|	0.000	|	0.000	|	0.000
 56	|	-1.000	|	5.983	|	5.983	|	4.985
 57	|	4.980	|	5.988	|	6.987	|	5.988
 58	|	5.983	|	4.985	|	5.983	|	6.992
 59	|	5.988	|	0.000	|	4.980	|	5.988
 60	|	0.000	|	-0.022	|	-1.000	|	-0.022
 61	|	-1.000	|	0.978	|	-0.027	|	0.978
 62	|	-0.022	|	1.979	|	0.973	|	1.979
 63	|	0.978	|	2.981	|	1.974	|	2.981
 64	|	1.979	|	3.983	|	2.976	|	3.983
 65	|	2.981	|	4.985	|	-1.000	|	4.985
 66	|	3.983	|	5.988	|	4.980	|	5.988
 67	|	4.985	|	6.992	|	5.983	|	6.992
 68	|	5.988	|	5.988	|	5.988	|	7.995
 69	|	6.992	|	0.000	|	4.985	|	6.992
 70	|	0.000	|	0.978	|	-1.000	|	0.978
 71	|	-0.022	|	1.979	|	-0.022	|	1.979
 72	|	0.978	|	2.981	|	0.978	|	2.981
 73	|	1.979	|	3.983	|	1.979	|	3.983
 74	|	2.981	|	4.985	|	2.981	|	4.985
 75	|	3.983	|	5.988	|	3.983	|	5.988
 76	|	4.985	|	6.992	|	4.985	|	6.992
 77	|	5.988	|	7.995	|	5.988	|	7.995
 78	|	6.992	|	6.992	|	6.992	|	9.000
 79	|	7.995	|	0.000	|	5.988	|	7.995
 80	|	0.000	|	1.979	|	-0.022	|	-0.022
 81	|	0.978	|	2.981	|	0.978	|	0.978
 82	|	1.979	|	3.983	|	1.979	|	1.979
 83	|	2.981	|	4.985	|	2.981	|	2.981
 84	|	3.983	|	5.988	|	3.983	|	3.983
 85	|	4.985	|	6.992	|	4.985	|	4.985
 86	|	5.988	|	7.995	|	5.988	|	5.988
 87	|	6.992	|	9.000	|	6.992	|	6.992
 88	|	0.000	|	0.000	|	0.000	|	0.000
 89	|	9.000	|	0.000	|	6.992	|	6.992
 90	|	0.000	|	0.978	|	0.978	|	0.000
 91	|	-0.022	|	1.979	|	1.979	|	0.000
 92	|	0.978	|	2.981	|	2.981	|	0.000
 93	|	1.979	|	3.983	|	3.983	|	0.000
 94	|	2.981	|	4.985	|	4.985	|	0.000
 95	|	3.983	|	5.988	|	5.988	|	0.000
 96	|	4.985	|	6.992	|	6.992	|	0.000
 97	|	5.988	|	7.995	|	7.995	|	0.000
 98	|	6.992	|	6.992	|	9.000	|	0.000
 99	|	7.995	|	0.000	|	7.995	|	0.000
------------------ coin_idx = 4 ----------------
 0	|	0.000	|	-1.000	|	0.000	|	-1.000
 1	|	-1.000	|	-1.000	|	0.000	|	-2.000
 2	|	-1.000	|	-1.000	|	0.000	|	-2.000
 3	|	-1.000	|	-1.000	|	0.000	|	-2.000
 4	|	-1.000	|	-1.000	|	0.000	|	-2.000
 5	|	-1.000	|	-1.000	|	0.000	|	-1.022
 6	|	-1.000	|	-0.022	|	0.000	|	-0.022
 7	|	-1.000	|	0.978	|	0.000	|	0.978
 8	|	-0.022	|	-0.022	|	0.000	|	1.979
 9	|	0.978	|	0.000	|	0.000	|	0.978
 10	|	0.000	|	-2.000	|	-1.000	|	-1.000
 11	|	-1.000	|	-2.000	|	-1.000	|	-2.000
 12	|	-2.000	|	-2.000	|	-1.000	|	-2.999
 13	|	-2.000	|	-2.000	|	-1.000	|	-2.022
 14	|	-2.000	|	-1.022	|	-1.000	|	-1.022
 15	|	-2.000	|	-0.022	|	-1.000	|	-0.022
 16	|	-1.022	|	0.978	|	-1.000	|	0.978
 17	|	-0.022	|	1.979	|	-0.022	|	1.979
 18	|	0.978	|	0.978	|	0.978	|	2.981
 19	|	1.979	|	0.000	|	-0.022	|	1.979
 20	|	0.000	|	-2.000	|	-1.000	|	-1.000
 21	|	-1.000	|	-2.999	|	-2.000	|	-2.000
 22	|	-2.000	|	-2.022	|	-2.000	|	-2.022
 23	|	-2.999	|	-1.022	|	-2.000	|	-1.022
 24	|	-2.022	|	-0.022	|	-2.000	|	-0.022
 25	|	-1.022	|	0.978	|	-1.022	|	0.978
 26	|	-0.022	|	1.979	|	-0.022	|	1.979
 27	|	0.978	|	2.981	|	0.978	|	2.981
 28	|	1.979	|	1.979	|	1.979	|	3.983
 29	|	2.981	|	0.000	|	0.978	|	2.981
 30	|	0.000	|	-2.000	|	-1.000	|	-1.000
 31	|	-1.000	|	-2.022	|	-2.000	|	-2.000
 32	|	-2.000	|	-1.022	|	-2.999	|	-1.022
 33	|	-2.022	|	-0.022	|	-2.022	|	-0.022
 34	|	-1.022	|	0.978	|	-1.022	|	0.978
 35	|	-0.022	|	1.979	|	-0.022	|	1.979
 36	|	0.978	|	2.981	|	0.978	|	2.981
 37	|	1.979	|	3.983	|	1.979	|	3.983
 38	|	2.981	|	2.981	|	2.981	|	4.985
 39	|	3.983	|	0.000	|	1.979	|	3.983
 40	|	0.000	|	-2.000	|	-1.000	|	-1.000
 41	|	-1.000	|	-1.022	|	-2.000	|	-1.022
 42	|	-2.000	|	-0.022	|	-2.022	|	-0.022
 43	|	-1.022	|	0.978	|	-1.022	|	0.978
 44	|	-0.022	|	1.979	|	-0.022	|	1.979
 45	|	0.978	|	2.981	|	0.978	|	-1.000
 46	|	1.979	|	3.983	|	1.979	|	3.983
 47	|	2.981	|	4.985	|	2.981	|	4.985
 48	|	3.983	|	3.983	|	3.983	|	5.988
 49	|	4.985	|	0.000	|	2.981	|	4.985
 50	|	0.000	|	-1.022	|	-1.000	|	-1.000
 51	|	-1.000	|	-0.022	|	-2.000	|	-0.022
 52	|	-1.022	|	0.978	|	-1.022	|	0.978
 53	|	-0.022	|	1.979	|	-0.022	|	1.979
 54	|	0.978	|	-1.000	|	0.978	|	2.981
 55	|	0.000	|	0.000	|	0.000	|	0.000
 56	|	-1.000	|	4.985	|	2.981	|	4.985
 57	|	3.983	|	5.988	|	3.983	|	5.988
 58	|	4.985	|	4.985	|	4.985	|	6.992
 59	|	5.988	|	0.000	|	3.983	|	5.988
 60	|	0.000	|	-0.022	|	-1.000	|	-1.000
 61	|	-1.000	|	0.978	|	-1.022	|	0.978
 62	|	-0.022	|	1.979	|	-0.022	|	1.979
 63	|	0.978	|	2.981	|	0.978	|	2.981
 64	|	1.979	|	3.983	|	1.979	|	3.983
 65	|	2.981	|	4.985	|	-1.000	|	4.985
 66	|	3.983	|	5.988	|	3.983	|	5.988
 67	|	4.985	|	6.992	|	4.985	|	6.992
 68	|	5.988	|	5.988	|	5.988	|	7.995
 69	|	6.992	|	0.000	|	4.985	|	6.992
 70	|	0.000	|	0.978	|	-1.000	|	0.978
 71	|	-0.022	|	1.979	|	-0.022	|	1.979
 72	|	0.978	|	2.981	|	0.978	|	2.981
 73	|	1.979	|	3.983	|	1.979	|	3.983
 74	|	2.981	|	4.985	|	2.981	|	4.985
 75	|	3.983	|	5.988	|	3.983	|	5.988
 76	|	4.985	|	6.992	|	4.985	|	6.992
 77	|	5.988	|	7.995	|	5.988	|	7.995
 78	|	6.992	|	6.992	|	6.992	|	9.000
 79	|	7.995	|	0.000	|	5.988	|	7.995
 80	|	0.000	|	1.979	|	-0.022	|	-0.022
 81	|	0.978	|	2.981	|	0.978	|	0.978
 82	|	1.979	|	3.983	|	1.979	|	1.979
 83	|	2.981	|	4.985	|	2.981	|	2.981
 84	|	3.983	|	5.988	|	3.983	|	3.983
 85	|	4.985	|	6.992	|	4.985	|	4.985
 86	|	5.988	|	7.995	|	5.988	|	5.988
 87	|	6.992	|	9.000	|	6.992	|	6.992
 88	|	0.000	|	0.000	|	0.000	|	0.000
 89	|	9.000	|	0.000	|	6.992	|	6.992
 90	|	0.000	|	0.978	|	-1.000	|	0.000
 91	|	-1.000	|	1.979	|	1.979	|	0.000
 92	|	0.978	|	2.981	|	2.981	|	0.000
 93	|	1.979	|	3.983	|	3.983	|	0.000
 94	|	2.981	|	4.985	|	4.985	|	0.000
 95	|	3.983	|	5.988	|	5.988	|	0.000
 96	|	4.985	|	6.992	|	6.992	|	0.000
 97	|	5.988	|	7.995	|	7.995	|	0.000
 98	|	6.992	|	6.992	|	9.000	|	0.000
 99	|	7.995	|	0.000	|	7.995	|	0.000
------------------ coin_idx = 3 ----------------
 0	|	0.000	|	0.000	|	0.000	|	0.000
 1	|	0.000	|	0.000	|	0.000	|	0.000
 2	|	0.000	|	0.000	|	0.000	|	0.000
 3	|	0.000	|	0.000	|	0.000	|	0.000
 4	|	0.000	|	6.987	|	0.000	|	-1.000
 5	|	-1.000	|	5.983	|	0.000	|	7.991
 6	|	6.987	|	-1.000	|	0.000	|	8.995
 7	|	-1.000	|	-1.000	|	0.000	|	10.000
 8	|	8.995	|	-1.000	|	0.000	|	8.995
 9	|	-1.000	|	0.000	|	0.000	|	-1.000
 10	|	0.000	|	0.000	|	0.000	|	0.000
 11	|	0.000	|	0.000	|	0.000	|	0.000
 12	|	0.000	|	0.000	|	0.000	|	-1.000
 13	|	-1.000	|	-1.000	|	0.000	|	0.000
 14	|	-1.000	|	-2.000	|	-1.000	|	0.000
 15	|	-1.000	|	8.995	|	-1.000	|	-1.000
 16	|	-1.000	|	10.000	|	7.991	|	0.000
 17	|	0.000	|	0.000	|	0.000	|	0.000
 18	|	10.000	|	7.991	|	7.991	|	7.991
 19	|	8.995	|	0.000	|	-1.000	|	6.987
 20	|	0.000	|	0.000	|	0.000	|	0.000
 21	|	0.000	|	0.000	|	0.000	|	-1.000
 22	|	-1.000	|	0.000	|	0.000	|	0.000
 23	|	0.000	|	0.000	|	-1.000	|	0.000
 24	|	-1.000	|	0.000	|	0.000	|	0.000
 25	|	-1.000	|	-1.000	|	-1.000	|	0.000
 26	|	-1.000	|	4.980	|	8.995	|	0.000
 27	|	3.978	|	7.991	|	10.000	|	5.983
 28	|	6.987	|	6.987	|	8.995	|	6.987
 29	|	7.991	|	0.000	|	7.991	|	-1.000
 30	|	0.000	|	-1.000	|	0.000	|	-1.000
 31	|	-1.000	|	0.000	|	0.000	|	0.000
 32	|	0.000	|	0.000	|	0.000	|	0.000
 33	|	0.000	|	0.000	|	0.000	|	0.000
 34	|	0.000	|	0.000	|	0.000	|	0.000
 35	|	0.000	|	4.980	|	-1.000	|	0.000
 36	|	3.978	|	5.983	|	-1.000	|	-2.000
 37	|	4.980	|	6.987	|	6.987	|	4.980
 38	|	5.983	|	5.983	|	7.991	|	5.983
 39	|	6.987	|	0.000	|	6.987	|	4.980
 40	|	0.000	|	-1.000	|	0.000	|	-1.000
 41	|	-1.000	|	-1.000	|	0.000	|	0.000
 42	|	-1.000	|	0.000	|	0.000	|	-1.000
 43	|	0.000	|	0.000	|	0.000	|	-1.000
 44	|	-1.000	|	-1.000	|	0.000	|	-1.000
 45	|	-1.000	|	-2.000	|	-1.000	|	-1.000
 46	|	-1.000	|	4.980	|	-1.000	|	-1.000
 47	|	3.978	|	5.983	|	5.983	|	3.978
 48	|	4.980	|	4.980	|	6.987	|	4.980
 49	|	5.983	|	0.000	|	5.983	|	3.978
 50	|	0.000	|	6.000	|	0.000	|	0.000
 51	|	0.000	|	0.000	|	0.000	|	0.000
 52	|	6.000	|	3.995	|	-1.000	|	0.000
 53	|	4.997	|	-1.000	|	0.000	|	2.993
 54	|	-1.000	|	-1.000	|	-1.000	|	0.000
 55	|	0.000	|	0.000	|	0.000	|	0.000
 56	|	-1.000	|	-2.999	|	-1.000	|	-2.010
 57	|	-2.000	|	4.980	|	4.980	|	2.976
 58	|	3.978	|	3.978	|	5.983	|	3.978
 59	|	4.980	|	0.000	|	4.980	|	2.976
 60	|	0.000	|	4.997	|	0.000	|	0.000
 61	|	3.995	|	3.995	|	6.000	|	3.995
 62	|	4.997	|	2.993	|	4.997	|	2.993
 63	|	3.995	|	-0.010	|	3.995	|	1.991
 64	|	0.990	|	-1.010	|	-1.000	|	0.990
 65	|	-0.010	|	-2.999	|	-1.000	|	-0.010
 66	|	-1.010	|	2.976	|	-2.000	|	0.973
 67	|	1.974	|	3.978	|	3.978	|	1.974
 68	|	2.976	|	2.976	|	4.980	|	2.976
 69	|	3.978	|	0.000	|	3.978	|	1.974
 70	|	0.000	|	-1.000	|	3.995	|	1.991
 71	|	2.993	|	2.993	|	4.997	|	2.993
 72	|	3.995	|	1.991	|	3.995	|	1.991
 73	|	2.993	|	0.990	|	2.993	|	0.990
 74	|	1.991	|	-0.010	|	-0.010	|	-0.010
 75	|	0.990	|	0.973	|	-1.010	|	-1.010
 76	|	-0.010	|	1.974	|	-0.027	|	-0.027
 77	|	0.973	|	2.976	|	2.976	|	0.973
 78	|	1.974	|	1.974	|	3.978	|	1.974
 79	|	2.976	|	0.000	|	2.976	|	0.973
 80	|	0.000	|	2.993	|	-1.000	|	-1.000
 81	|	1.991	|	1.991	|	3.995	|	1.991
 82	|	2.993	|	0.990	|	2.993	|	-1.000
 83	|	1.991	|	-0.010	|	1.991	|	-0.010
 84	|	0.990	|	-1.010	|	0.990	|	-1.000
 85	|	-0.010	|	-2.000	|	-2.010	|	-1.000
 86	|	-1.010	|	-2.000	|	0.973	|	-1.000
 87	|	-0.027	|	1.974	|	1.974	|	-0.027
 88	|	0.973	|	0.973	|	2.976	|	0.973
 89	|	1.974	|	0.000	|	1.974	|	-0.027
 90	|	0.000	|	1.991	|	-1.000	|	0.000
 91	|	-1.000	|	-1.000	|	2.993	|	0.000
 92	|	-1.000	|	-0.010	|	-0.010	|	0.000
 93	|	-1.000	|	-1.000	|	0.990	|	0.000
 94	|	-0.010	|	-1.000	|	-0.010	|	0.000
 95	|	-1.000	|	-1.000	|	-1.010	|	0.000
 96	|	-1.000	|	-0.027	|	-0.027	|	0.000
 97	|	-1.000	|	0.973	|	0.973	|	0.000
 98	|	-0.027	|	-0.027	|	1.974	|	0.000
 99	|	0.973	|	0.000	|	0.973	|	0.000
------------------ coin_idx = 2 ----------------
 0	|	0.000	|	0.990	|	0.000	|	0.990
 1	|	-0.010	|	-0.010	|	0.000	|	1.991
 2	|	0.990	|	-1.000	|	0.000	|	0.990
 3	|	-0.010	|	-1.000	|	0.000	|	-0.010
 4	|	-1.000	|	-1.000	|	0.000	|	-1.010
 5	|	-1.000	|	-1.000	|	0.000	|	-2.000
 6	|	-1.000	|	-1.000	|	0.000	|	-2.000
 7	|	-1.000	|	-1.000	|	0.000	|	-2.000
 8	|	-1.000	|	-1.000	|	0.000	|	-2.000
 9	|	-1.000	|	0.000	|	0.000	|	-1.000
 10	|	0.000	|	1.991	|	-0.010	|	1.991
 11	|	0.990	|	0.990	|	0.990	|	2.993
 12	|	1.991	|	-0.010	|	-0.010	|	1.991
 13	|	0.990	|	-1.010	|	-1.000	|	0.990
 14	|	-0.010	|	-2.000	|	-1.000	|	-0.010
 15	|	-1.010	|	-2.000	|	-1.000	|	-1.010
 16	|	-2.000	|	-2.000	|	-1.000	|	-2.010
 17	|	-2.000	|	-2.000	|	-1.000	|	-2.999
 18	|	-2.000	|	-1.000	|	-1.000	|	-2.000
 19	|	-2.000	|	0.000	|	-1.000	|	-1.000
 20	|	0.000	|	2.993	|	0.990	|	2.993
 21	|	1.991	|	1.991	|	1.991	|	3.995
 22	|	2.993	|	0.990	|	0.990	|	2.993
 23	|	1.991	|	-0.010	|	-0.010	|	1.991
 24	|	0.990	|	-1.010	|	-1.010	|	0.990
 25	|	-0.010	|	-2.010	|	-2.000	|	-0.010
 26	|	-1.010	|	-2.999	|	-2.000	|	-1.010
 27	|	-2.010	|	-2.000	|	-2.000	|	-2.010
 28	|	-2.999	|	-1.000	|	-2.000	|	-2.000
 29	|	-2.000	|	0.000	|	-1.000	|	-1.000
 30	|	0.000	|	3.995	|	1.991	|	3.995
 31	|	2.993	|	2.993	|	2.993	|	4.997
 32	|	3.995	|	1.991	|	1.991	|	3.995
 33	|	2.993	|	0.990	|	0.990	|	2.993
 34	|	1.991	|	-0.010	|	-0.010	|	1.991
 35	|	0.990	|	-1.010	|	-1.010	|	0.990
 36	|	-0.010	|	-2.010	|	-2.010	|	-0.010
 37	|	-1.010	|	-2.000	|	-2.999	|	-1.010
 38	|	-2.010	|	-1.000	|	-2.000	|	-2.000
 39	|	-2.000	|	0.000	|	-1.000	|	-1.000
 40	|	0.000	|	4.997	|	2.993	|	4.997
 41	|	3.995	|	3.995	|	3.995	|	6.000
 42	|	4.997	|	2.993	|	2.993	|	4.997
 43	|	3.995	|	1.991	|	1.991	|	3.995
 44	|	2.993	|	0.990	|	0.990	|	2.993
 45	|	1.991	|	-0.010	|	-0.010	|	-1.000
 46	|	0.990	|	-1.010	|	-1.010	|	-1.010
 47	|	-0.010	|	-2.000	|	-2.010	|	-2.010
 48	|	-1.010	|	-1.000	|	-2.000	|	-2.000
 49	|	-2.000	|	0.000	|	-1.000	|	-1.000
 50	|	0.000	|	6.000	|	3.995	|	3.995
 51	|	0.000	|	0.000	|	0.000	|	0.000
 52	|	6.000	|	3.995	|	3.995	|	3.995
 53	|	4.997	|	2.993	|	2.993	|	2.993
 54	|	3.995	|	-1.000	|	1.991	|	1.991
 55	|	0.000	|	0.000	|	0.000	|	0.000
 56	|	-1.000	|	-2.010	|	-0.010	|	-0.010
 57	|	-1.010	|	-2.000	|	-1.010	|	-1.010
 58	|	-2.010	|	-1.000	|	-2.000	|	-2.000
 59	|	-2.000	|	0.000	|	-1.000	|	-1.000
 60	|	0.000	|	4.997	|	4.997	|	2.993
 61	|	3.995	|	3.995	|	6.000	|	3.995
 62	|	4.997	|	2.993	|	4.997	|	2.993
 63	|	3.995	|	1.991	|	3.995	|	1.991
 64	|	2.993	|	0.990	|	2.993	|	0.990
 65	|	1.991	|	-0.010	|	-1.000	|	-0.010
 66	|	0.990	|	-1.010	|	-1.010	|	-1.010
 67	|	-0.010	|	-2.000	|	-2.010	|	-2.010
 68	|	-1.010	|	-1.000	|	-2.000	|	-2.000
 69	|	-2.000	|	0.000	|	-1.000	|	-1.000
 70	|	0.000	|	3.995	|	3.995	|	1.991
 71	|	2.993	|	2.993	|	4.997	|	2.993
 72	|	3.995	|	1.991	|	3.995	|	1.991
 73	|	2.993	|	0.990	|	2.993	|	0.990
 74	|	1.991	|	-0.010	|	1.991	|	-0.010
 75	|	0.990	|	-1.010	|	0.990	|	-1.010
 76	|	-0.010	|	-2.010	|	-0.010	|	-2.000
 77	|	-1.010	|	-2.000	|	-1.010	|	-2.000
 78	|	-2.010	|	-1.000	|	-2.000	|	-2.000
 79	|	-2.000	|	0.000	|	-1.000	|	-1.000
 80	|	0.000	|	2.993	|	2.993	|	0.990
 81	|	1.991	|	1.991	|	3.995	|	1.991
 82	|	2.993	|	0.990	|	2.993	|	0.990
 83	|	1.991	|	-0.010	|	1.991	|	-0.010
 84	|	0.990	|	-1.010	|	0.990	|	-1.000
 85	|	-0.010	|	-2.000	|	-0.010	|	-1.000
 86	|	-1.010	|	-2.000	|	-1.010	|	-1.000
 87	|	-2.000	|	-2.000	|	-2.010	|	-1.000
 88	|	-2.000	|	-1.000	|	-2.000	|	-1.000
 89	|	-2.000	|	0.000	|	-1.000	|	-1.000
 90	|	0.000	|	1.991	|	1.991	|	0.000
 91	|	0.990	|	0.990	|	2.993	|	0.000
 92	|	1.991	|	-0.010	|	1.991	|	0.000
 93	|	0.990	|	-1.000	|	0.990	|	0.000
 94	|	-0.010	|	-1.000	|	-0.010	|	0.000
 95	|	-1.000	|	-1.000	|	-1.010	|	0.000
 96	|	-1.000	|	-1.000	|	-2.000	|	0.000
 97	|	-1.000	|	-1.000	|	-2.000	|	0.000
 98	|	-1.000	|	-1.000	|	-2.000	|	0.000
 99	|	-1.000	|	0.000	|	-1.000	|	0.000
------------------ coin_idx = 1 ----------------
 0	|	0.000	|	-1.000	|	0.000	|	-1.000
 1	|	-1.000	|	-1.000	|	0.000	|	-2.000
 2	|	-1.000	|	-1.000	|	0.000	|	-2.000
 3	|	-1.000	|	5.983	|	0.000	|	-2.000
 4	|	-1.000	|	6.987	|	0.000	|	6.987
 5	|	-1.000	|	7.991	|	0.000	|	7.991
 6	|	6.987	|	8.995	|	0.000	|	8.995
 7	|	7.991	|	7.991	|	0.000	|	10.000
 8	|	8.995	|	6.987	|	0.000	|	8.995
 9	|	7.991	|	0.000	|	0.000	|	7.991
 10	|	0.000	|	-0.027	|	-1.000	|	-1.000
 11	|	-1.000	|	0.973	|	-1.000	|	0.973
 12	|	-0.027	|	1.974	|	-1.000	|	1.974
 13	|	-2.000	|	6.987	|	-1.000	|	2.976
 14	|	5.983	|	7.991	|	5.983	|	-2.000
 15	|	6.987	|	8.995	|	6.987	|	6.987
 16	|	7.991	|	10.000	|	7.991	|	7.991
 17	|	0.000	|	0.000	|	0.000	|	0.000
 18	|	10.000	|	7.991	|	7.991	|	7.991
 19	|	8.995	|	0.000	|	6.987	|	6.987
 20	|	0.000	|	0.973	|	-1.000	|	0.973
 21	|	-0.027	|	1.974	|	-0.027	|	1.974
 22	|	0.973	|	2.976	|	0.973	|	2.976
 23	|	1.974	|	5.983	|	1.974	|	3.978
 24	|	4.980	|	-2.000	|	6.987	|	4.980
 25	|	-2.999	|	7.991	|	7.991	|	5.983
 26	|	6.987	|	8.995	|	8.995	|	6.987
 27	|	7.991	|	7.991	|	10.000	|	7.991
 28	|	8.995	|	6.987	|	8.995	|	6.987
 29	|	7.991	|	0.000	|	7.991	|	5.983
 30	|	0.000	|	1.974	|	-0.027	|	-0.027
 31	|	0.973	|	2.976	|	0.973	|	0.973
 32	|	1.974	|	3.978	|	1.974	|	1.974
 33	|	2.976	|	4.980	|	2.976	|	2.976
 34	|	3.978	|	5.983	|	5.983	|	3.978
 35	|	4.980	|	6.987	|	6.987	|	4.980
 36	|	5.983	|	7.991	|	7.991	|	5.983
 37	|	6.987	|	6.987	|	8.995	|	6.987
 38	|	7.991	|	5.983	|	7.991	|	5.983
 39	|	6.987	|	0.000	|	6.987	|	4.980
 40	|	0.000	|	0.973	|	0.973	|	-1.000
 41	|	-0.027	|	1.974	|	1.974	|	-0.027
 42	|	-2.000	|	2.976	|	2.976	|	0.973
 43	|	1.974	|	3.978	|	3.978	|	1.974
 44	|	2.976	|	4.980	|	4.980	|	2.976
 45	|	3.978	|	5.983	|	5.983	|	-1.000
 46	|	4.980	|	6.987	|	6.987	|	4.980
 47	|	5.983	|	5.983	|	7.991	|	5.983
 48	|	6.987	|	4.980	|	6.987	|	4.980
 49	|	5.983	|	0.000	|	5.983	|	3.978
 50	|	0.000	|	-0.027	|	-0.027	|	-1.000
 51	|	-1.000	|	0.973	|	0.973	|	-2.000
 52	|	-2.000	|	1.974	|	1.974	|	-2.999
 53	|	0.973	|	2.976	|	2.976	|	-2.999
 54	|	1.974	|	-1.000	|	3.978	|	1.974
 55	|	0.000	|	0.000	|	0.000	|	0.000
 56	|	-1.000	|	5.983	|	5.983	|	3.978
 57	|	4.980	|	4.980	|	6.987	|	4.980
 58	|	5.983	|	3.978	|	5.983	|	3.978
 59	|	4.980	|	0.000	|	4.980	|	2.976
 60	|	0.000	|	-2.000	|	-1.000	|	-1.000
 61	|	-1.000	|	-2.999	|	-2.000	|	-2.000
 62	|	-2.000	|	-2.999	|	-2.999	|	-2.999
 63	|	-2.999	|	1.974	|	-2.000	|	-2.999
 64	|	0.973	|	-2.000	|	2.976	|	0.973
 65	|	1.974	|	3.978	|	-1.000	|	1.974
 66	|	2.976	|	4.980	|	4.980	|	2.976
 67	|	3.978	|	3.978	|	5.983	|	3.978
 68	|	4.980	|	2.976	|	4.980	|	2.976
 69	|	3.978	|	0.000	|	3.978	|	1.974
 70	|	0.000	|	-2.000	|	-1.000	|	-1.000
 71	|	-1.000	|	-2.999	|	-2.000	|	-2.000
 72	|	-2.000	|	-2.999	|	-2.999	|	-2.000
 73	|	-2.999	|	0.973	|	-2.999	|	-2.000
 74	|	-2.999	|	1.974	|	1.974	|	-2.000
 75	|	0.973	|	2.976	|	2.976	|	0.973
 76	|	1.974	|	3.978	|	3.978	|	1.974
 77	|	2.976	|	2.976	|	4.980	|	2.976
 78	|	3.978	|	1.974	|	3.978	|	1.974
 79	|	2.976	|	0.000	|	2.976	|	0.973
 80	|	0.000	|	-2.000	|	-1.000	|	-1.000
 81	|	-1.000	|	-2.000	|	-2.000	|	-1.000
 82	|	-2.000	|	-2.000	|	-2.999	|	-1.000
 83	|	-2.000	|	-2.000	|	-2.999	|	-1.000
 84	|	-2.000	|	0.973	|	0.973	|	-1.000
 85	|	-0.027	|	1.974	|	1.974	|	-0.027
 86	|	0.973	|	2.976	|	2.976	|	0.973
 87	|	1.974	|	1.974	|	3.978	|	1.974
 88	|	2.976	|	0.973	|	2.976	|	0.973
 89	|	1.974	|	0.000	|	1.974	|	-0.027
 90	|	0.000	|	-1.000	|	-1.000	|	0.000
 91	|	-1.000	|	-1.000	|	-2.000	|	0.000
 92	|	-1.000	|	-1.000	|	-2.000	|	0.000
 93	|	-1.000	|	-1.000	|	-2.000	|	0.000
 94	|	-1.000	|	-1.000	|	-2.000	|	0.000
 95	|	-1.000	|	0.973	|	0.973	|	0.000
 96	|	-0.027	|	1.974	|	1.974	|	0.000
 97	|	0.973	|	0.973	|	2.976	|	0.000
 98	|	1.974	|	-0.027	|	1.974	|	0.000
 99	|	0.973	|	0.000	|	0.973	|	0.000
------------------ coin_idx = 0 ----------------
 0	|	0.000	|	-1.000	|	0.000	|	-1.000
 1	|	-1.000	|	-1.000	|	0.000	|	-2.000
 2	|	-1.000	|	-1.000	|	0.000	|	-2.000
 3	|	-1.000	|	-1.000	|	0.000	|	-2.000
 4	|	-1.000	|	-1.000	|	0.000	|	-2.000
 5	|	-1.000	|	-1.000	|	0.000	|	-2.000
 6	|	-1.000	|	-1.000	|	0.000	|	-2.000
 7	|	-1.000	|	-1.000	|	0.000	|	-2.000
 8	|	-1.000	|	-1.000	|	0.000	|	-2.000
 9	|	-1.000	|	0.000	|	0.000	|	-1.000
 10	|	0.000	|	-2.000	|	-1.000	|	-1.000
 11	|	-1.000	|	-2.000	|	-1.000	|	-2.000
 12	|	-2.000	|	-2.000	|	-1.000	|	-2.999
 13	|	-2.000	|	-2.000	|	-1.000	|	-2.999
 14	|	-2.000	|	-2.000	|	-1.000	|	-2.999
 15	|	-2.000	|	-2.000	|	-1.000	|	-2.999
 16	|	-2.000	|	-2.000	|	-1.000	|	-2.999
 17	|	-2.000	|	-2.000	|	-1.000	|	-2.999
 18	|	-2.000	|	-1.000	|	-1.000	|	-2.000
 19	|	-2.000	|	0.000	|	-1.000	|	-1.000
 20	|	0.000	|	-2.000	|	-1.000	|	-1.000
 21	|	-1.000	|	-2.999	|	-2.000	|	-2.000
 22	|	-2.000	|	-2.999	|	-2.000	|	-2.999
 23	|	-2.999	|	-2.999	|	-2.000	|	-3.997
 24	|	-2.999	|	-2.999	|	-2.000	|	-3.997
 25	|	-2.999	|	-2.999	|	-2.000	|	-2.999
 26	|	-2.999	|	-2.999	|	-2.000	|	-3.997
 27	|	-2.999	|	-2.000	|	-2.000	|	-2.999
 28	|	-2.999	|	-1.000	|	-2.000	|	-2.000
 29	|	-2.000	|	0.000	|	-1.000	|	-1.000
 30	|	0.000	|	-2.000	|	-1.000	|	-1.000
 31	|	-1.000	|	-2.999	|	-2.000	|	-2.000
 32	|	-2.000	|	-3.997	|	-2.999	|	-2.999
 33	|	-2.999	|	-3.997	|	-2.999	|	-3.997
 34	|	-3.997	|	-2.999	|	-2.999	|	-2.999
 35	|	-3.997	|	-3.997	|	-2.999	|	-2.000
 36	|	-2.999	|	-2.999	|	-2.999	|	-2.999
 37	|	-3.997	|	-2.000	|	-2.999	|	-2.999
 38	|	-2.999	|	-1.000	|	-2.000	|	-2.000
 39	|	-2.000	|	0.000	|	-1.000	|	-1.000
 40	|	0.000	|	-2.000	|	-1.000	|	-1.000
 41	|	-1.000	|	-2.999	|	-2.000	|	-2.000
 42	|	-2.000	|	-3.997	|	-2.999	|	-2.999
 43	|	-2.999	|	-2.999	|	-3.997	|	-2.999
 44	|	-3.997	|	-2.000	|	-3.997	|	-2.000
 45	|	-2.999	|	-2.999	|	-2.999	|	-1.000
 46	|	-2.000	|	-2.999	|	-2.999	|	-2.000
 47	|	-2.999	|	-2.000	|	-2.999	|	-2.999
 48	|	-2.999	|	-1.000	|	-2.000	|	-2.000
 49	|	-2.000	|	0.000	|	-1.000	|	-1.000
 50	|	0.000	|	-2.000	|	-1.000	|	-1.000
 51	|	-1.000	|	-2.999	|	-2.000	|	-2.000
 52	|	-2.000	|	-2.999	|	-2.999	|	-2.999
 53	|	-2.999	|	-2.000	|	-3.997	|	-3.997
 54	|	-2.999	|	-1.000	|	-2.999	|	-2.999
 55	|	0.000	|	0.000	|	0.000	|	0.000
 56	|	-1.000	|	-2.999	|	-2.999	|	-2.999
 57	|	-2.000	|	-2.000	|	-2.999	|	-2.999
 58	|	-2.999	|	-1.000	|	-2.000	|	-2.000
 59	|	-2.000	|	0.000	|	-1.000	|	-1.000
 60	|	0.000	|	-2.000	|	-1.000	|	-1.000
 61	|	-1.000	|	-2.999	|	-2.000	|	-2.000
 62	|	-2.000	|	-3.997	|	-2.999	|	-2.999
 63	|	-2.999	|	-2.999	|	-2.999	|	-2.999
 64	|	-3.997	|	-2.000	|	-2.000	|	-2.999
 65	|	-2.999	|	-2.999	|	-1.000	|	-2.999
 66	|	-2.000	|	-2.999	|	-2.000	|	-2.999
 67	|	-2.999	|	-2.000	|	-2.999	|	-2.999
 68	|	-2.999	|	-1.000	|	-2.000	|	-2.000
 69	|	-2.000	|	0.000	|	-1.000	|	-1.000
 70	|	0.000	|	-2.000	|	-1.000	|	-1.000
 71	|	-1.000	|	-2.999	|	-2.000	|	-2.000
 72	|	-2.000	|	-2.999	|	-2.999	|	-2.000
 73	|	-2.999	|	-2.999	|	-3.997	|	-2.000
 74	|	-2.999	|	-2.999	|	-2.999	|	-2.000
 75	|	-2.999	|	-2.999	|	-2.000	|	-2.000
 76	|	-2.999	|	-2.999	|	-2.999	|	-2.000
 77	|	-2.999	|	-2.000	|	-2.999	|	-2.000
 78	|	-2.999	|	-1.000	|	-2.000	|	-2.000
 79	|	-2.000	|	0.000	|	-1.000	|	-1.000
 80	|	0.000	|	-2.000	|	-1.000	|	-1.000
 81	|	-1.000	|	-2.000	|	-2.000	|	-1.000
 82	|	-2.000	|	-2.000	|	-2.999	|	-1.000
 83	|	-2.000	|	-2.000	|	-2.999	|	-1.000
 84	|	-2.000	|	-2.000	|	-2.999	|	-1.000
 85	|	-2.000	|	-2.000	|	-2.999	|	-1.000
 86	|	-2.000	|	-2.000	|	-2.999	|	-1.000
 87	|	-2.000	|	-2.000	|	-2.999	|	-1.000
 88	|	-2.000	|	-1.000	|	-2.000	|	-1.000
 89	|	-2.000	|	0.000	|	-1.000	|	-1.000
 90	|	0.000	|	-1.000	|	-1.000	|	0.000
 91	|	-1.000	|	-1.000	|	-2.000	|	0.000
 92	|	-1.000	|	-1.000	|	-2.000	|	0.000
 93	|	-1.000	|	-1.000	|	-2.000	|	0.000
 94	|	-1.000	|	-1.000	|	-2.000	|	0.000
 95	|	-1.000	|	-1.000	|	-2.000	|	0.000
 96	|	-1.000	|	-1.000	|	-2.000	|	0.000
 97	|	-1.000	|	-1.000	|	-2.000	|	0.000
 98	|	-1.000	|	-1.000	|	-2.000	|	0.000
 99	|	-1.000	|	0.000	|	-1.000	|	0.000
